         496         495         495         494         493
         991         990         988         987         986
        1978        1975        1973        1970        1968
        2960        2956        2953        2949        2945
        3938        3933        3928        3923        3918
        4912        4905        4899        4893        4886
        5881        5874        5866        5858        5850
        6847        6838        6829        6820        6811
        7808        7798        7788        7777        7767
        8766        8754        8743        8731        8720
        9720        9707        9694        9681        9669
